SampleID	Chromosome	Start_position	End_position	total_cn	A_cn	B_cn	ploidy
example1	1	881992	54694219	2	1	1	1.8
example1	1	54700724	60223464	3	2	1	1.8
example1	1	60381518	67890614	2	2	0	1.8
example1	1	68151686	92262955	4	2	2	1.8
example1	1	92445264	118165373	3	2	1	1.8
example1	1	118165645	121485317	2	1	1	1.8
example1	1	142713230	175336350	2	1	1	1.8
example1	1	176845545	214564482	1	1	0	1.8
example1	1	214571281	214656723	2	1	1	1.8
example1	1	214779083	218475567	1	1	0	1.8
example1	1	220152763	249211393	2	1	1	1.8
example1	2	265195	3685109	1	1	0	1.8
example1	2	6636476	92318650	2	1	1	1.8
example1	2	95942232	163695211	2	1	1	1.8
example1	2	165178873	187692951	3	2	1	1.8
example1	2	187697978	198950264	2	1	1	1.8
example1	2	200245050	223591467	1	1	0	1.8
example1	2	224743437	228883775	2	1	1	1.8
example1	2	230231903	242793345	1	1	0	1.8
example1	3	367801	9970214	2	2	0	1.8
example1	3	10035641	10089840	3	2	1	1.8
example1	3	10115057	15921113	2	2	0	1.8
example1	3	16217198	33908017	1	1	0	1.8
example1	3	35725343	42906118	2	1	1	1.8
example1	3	43591210	75466171	1	1	0	1.8
example1	3	75476782	75790996	5	3	2	1.8
example1	3	88935486	90283997	2	2	0	1.8
example1	3	93593176	106708498	2	1	1	1.8
example1	3	106849521	111261011	3	2	1	1.8
example1	3	111286202	126154253	4	3	1	1.8
example1	3	126154714	133583713	3	2	1	1.8
example1	3	133614528	134278314	2	2	0	1.8
example1	3	135797231	141644347	3	2	1	1.8
example1	3	141890143	161048011	2	2	0	1.8
example1	3	163720201	183007279	3	2	1	1.8
example1	3	183558438	195012670	2	2	0	1.8
example1	3	195245832	195410523	2	1	1	1.8
example1	3	195410573	197846920	2	2	0	1.8
example1	4	64983	678881	3	3	0	1.8
example1	4	719421	1090165	2	2	0	1.8
example1	4	1102038	3526876	3	3	0	1.8
example1	4	3605406	3629554	2	1	1	1.8
example1	4	3895032	7069902	3	3	0	1.8
example1	4	7210855	13615218	4	3	1	1.8
example1	4	15614213	26492026	3	2	1	1.8
example1	4	26875364	49531361	2	1	1	1.8
example1	4	52752885	82369593	2	1	1	1.8
example1	4	83050831	190653506	1	1	0	1.8
example1	4	190874268	190905658	2	1	1	1.8
example1	5	58321	44809231	2	1	1	1.8
example1	5	49695123	54637665	2	1	1	1.8
example1	5	54848231	109181731	1	1	0	1.8
example1	5	110284560	110286746	7	4	3	1.8
example1	5	110408762	180645407	1	1	0	1.8
example1	6	304971	397325	2	1	1	1.8
example1	6	397383	25141710	1	1	0	1.8
example1	6	26368947	29911347	3	2	1	1.8
example1	6	30076069	31237430	2	2	0	1.8
example1	6	31237481	31239699	1	1	0	1.8
example1	6	31239757	31323562	2	2	0	1.8
example1	6	31324030	31325146	6	5	1	1.8
example1	6	31334517	32487350	2	2	0	1.8
example1	6	32497899	32557730	3	2	1	1.8
example1	6	32557735	35967915	2	2	0	1.8
example1	6	36274244	44280870	3	2	1	1.8
example1	6	45165560	57245075	2	1	1	1.8
example1	6	57310333	58779473	2	1	1	1.8
example1	6	62407141	83892770	2	1	1	1.8
example1	6	84234205	136472545	1	1	0	1.8
example1	6	136582128	136599913	3	2	1	1.8
example1	6	136685482	170878952	1	1	0	1.8
example1	7	387586	810262	2	2	0	1.8
example1	7	813658	29160727	1	1	0	1.8
example1	7	29394467	38431547	2	2	0	1.8
example1	7	38505113	57696638	1	1	0	1.8
example1	7	57887882	57888238	2	1	1	1.8
example1	7	61969148	65557673	1	1	0	1.8
example1	7	66010306	121943491	2	1	1	1.8
example1	7	122333006	145281651	3	2	1	1.8
example1	7	145813902	158715363	4	2	2	1.8
example1	8	418739	23340622	2	1	1	1.8
example1	8	23493020	32617795	1	1	0	1.8
example1	8	35979241	43157230	2	1	1	1.8
example1	8	47491134	75032900	2	1	1	1.8
example1	8	75925095	106552968	1	1	0	1.8
example1	8	107710087	121531187	2	1	1	1.8
example1	8	121534851	146171783	3	2	1	1.8
example1	9	116851	8713333	4	3	1	1.8
example1	9	12821855	15591432	1	1	0	1.8
example1	9	15623238	45363942	2	1	1	1.8
example1	9	65595176	69206944	3	2	1	1.8
example1	9	69238193	123860787	3	2	1	1.8
example1	9	123888248	140040197	1	1	0	1.8
example1	9	140055941	141071570	2	2	0	1.8
example1	10	93915	25755803	2	1	1	1.8
example1	10	26244079	28276302	3	2	1	1.8
example1	10	28293583	37819485	2	1	1	1.8
example1	10	37819524	39012577	2	2	0	1.8
example1	10	42383552	42775180	3	2	1	1.8
example1	10	42775249	46194541	1	1	0	1.8
example1	10	46999037	47133900	2	1	1	1.8
example1	10	47594870	112764646	1	1	0	1.8
example1	10	113913240	130258477	2	1	1	1.8
example1	10	131506517	135439043	1	1	0	1.8
example1	10	135440206	135455785	3	2	1	1.8
example1	11	194711	2325486	2	2	0	1.8
example1	11	2424216	18218838	1	1	0	1.8
example1	11	18267449	18290997	2	1	1	1.8
example1	11	18291577	25100280	1	1	0	1.8
example1	11	26353668	43852531	2	2	0	1.8
example1	11	44092963	47863145	1	1	0	1.8
example1	11	48166304	51579531	2	1	1	1.8
example1	11	55059850	56468685	2	1	1	1.8
example1	11	56468721	56507981	4	3	1	1.8
example1	11	56508441	63682916	2	1	1	1.8
example1	11	64004711	67395715	1	1	0	1.8
example1	11	67400064	79700757	2	1	1	1.8
example1	11	82546847	118516769	1	1	0	1.8
example1	11	118765323	134650018	2	2	0	1.8
example1	12	91972	13529583	3	2	1	1.8
example1	12	14587487	25562342	2	1	1	1.8
example1	12	25593817	25957066	1	1	0	1.8
example1	12	26231934	33139104	2	1	1	1.8
example1	12	38472705	76537792	2	1	1	1.8
example1	12	77253573	133720911	1	1	0	1.8
example1	13	19291443	90644226	1	1	0	1.8
example1	13	90823529	113088602	3	3	0	1.8
example1	13	113201885	113699492	2	2	0	1.8
example1	13	113720477	114550842	3	3	0	1.8
example1	13	114579349	114782964	2	2	0	1.8
example1	13	114784140	115064545	3	3	0	1.8
example1	14	19188703	20443513	2	1	1	1.8
example1	14	20443931	20876283	3	2	1	1.8
example1	14	20916741	62234257	2	1	1	1.8
example1	14	63175009	94008840	1	1	0	1.8
example1	14	94038634	105243259	2	2	0	1.8
example1	14	105246468	106445270	2	2	0	1.8
example1	15	20172740	24922257	2	1	1	1.8
example1	15	24922277	50279691	2	1	1	1.8
example1	15	50399014	56686332	3	2	1	1.8
example1	15	56720764	69011941	1	1	0	1.8
example1	15	69553809	102463492	2	1	1	1.8
example1	16	81721	22926957	1	1	0	1.8
example1	16	23079354	31122611	2	1	1	1.8
example1	16	31131649	31488996	2	1	1	1.8
example1	16	31495876	34404312	2	1	1	1.8
example1	16	46386364	46391607	12	9	3	1.8
example1	16	46392263	48753036	4	2	2	1.8
example1	16	49433006	53333630	1	1	0	1.8
example1	16	53481035	72828335	2	2	0	1.8
example1	16	72992230	74447599	2	1	1	1.8
example1	16	74485725	75670215	2	2	0	1.8
example1	16	76268915	84922891	1	1	0	1.8
example1	16	85105640	89211772	2	1	1	1.8
example1	16	89212249	90163280	3	2	1	1.8
example1	17	131520	18301902	1	1	0	1.8
example1	17	18302021	18397741	4	3	1	1.8
example1	17	18404404	20688878	1	1	0	1.8
example1	17	21201610	22253315	1	1	0	1.8
example1	17	25853688	32962080	1	1	0	1.8
example1	17	33433897	41300852	2	2	0	1.8
example1	17	41381897	41561673	6	5	1	1.8
example1	17	41570485	45150659	2	2	0	1.8
example1	17	45234454	45892589	2	2	0	1.8
example1	17	45893934	78820232	2	2	0	1.8
example1	17	78950539	79915729	3	3	0	1.8
example1	17	79915921	80011450	3	3	0	1.8
example1	17	80012070	81081972	3	3	0	1.8
example1	18	12728	334923	2	1	1	1.8
example1	18	480975	14146164	1	1	0	1.8
example1	18	14183512	14632861	2	1	1	1.8
example1	18	18517223	19996075	1	1	0	1.8
example1	18	20586336	30267187	1	1	0	1.8
example1	18	31537591	32720256	3	2	1	1.8
example1	18	32833866	34324249	2	1	1	1.8
example1	18	34844873	77894882	1	1	0	1.8
example1	19	288151	13220803	1	1	0	1.8
example1	19	13993513	24310478	2	1	1	1.8
example1	19	27732138	37005335	3	2	1	1.8
example1	19	37203331	50208644	2	2	0	1.8
example1	19	50244937	50404967	2	1	1	1.8
example1	19	50411454	54692570	2	2	0	1.8
example1	19	54710389	54746121	3	2	1	1.8
example1	19	54747185	59074679	2	2	0	1.8
example1	20	256590	25666872	2	1	1	1.8
example1	20	25733342	26094860	3	2	1	1.8
example1	20	29449369	37958290	2	1	1	1.8
example1	20	39797381	59744000	3	2	1	1.8
example1	20	59989504	62199131	4	3	1	1.8
example1	20	62202260	62904549	3	3	0	1.8
example1	21	9590418	11181718	2	1	1	1.8
example1	21	14723002	48083554	2	1	1	1.8
example1	22	16123548	18846125	2	1	1	1.8
example1	22	18898493	51220991	1	1	0	1.8
example1	X	200901	27999207	1	1	0	1.8
example1	X	28807410	56292289	2	1	1	1.8
example1	X	62944438	155215975	2	1	1	1.8
